This table has four colums representing the population of East Anglia from 1971-2003
Columns 1 is year
Columns 2 is sex where 1=male and 2=female
Columns 3 is age group in 18 bands; 17 5-year bands from 0 to 84 and the 85+ band
Columns 4 is the mid-year population estimate     
     1989          2          9      74969
     1990          1          9      77138
     1976          2          9      47700
     1989          1          9      75939
     1990          2          9      76689
     1993          2          9      71156
     1996          1          9      67845
     1998          1          9      69576
     1997          2          9      69700
     1976          1          9      51700
     1997          1          9      69000
     1986          1          9      64993
     1972          1          9      51300
     1998          2          9      70160
     1996          2          9      69185
     1971          2          9      48900
     1973          2          9      48400
     1986          2          9      62966
     1975          2         10      51000
     1997          1         10      74900
     1988          1         10      57599
     1982          2         10      50115
     1991          1         10      66151
     1998          2         10      72280
     1974          1         10      51200
     1998          1         10      72168
     1978          1         10      51400
     1991          2         10      64706
     1977          1         10      51500
     1990          2         10      60814
     1975          1         10      50900
     1971          2         10      50600
     1983          2         10      51369
     1990          1         10      62523
     1982          1         10      51805
     1972          2         10      50700
     1972          1         10      50800
     1980          2         10      49600
     1995          1         10      78460
     1995          2         10      78172
     1996          2         10      78644
     1980          1         10      51100
     1978          2         10      50400
     1979          1         10      51300
     1997          2         10      74200
     1983          1         10      52828
     1979          2         10      49700
     1981          2         10      49401
     1993          1         10      76200
     1996          1         10      78792
     1993          2         10      75217
     1981          1         10      51220
     1973          2         10      50700
     1992          1         10      72472
     1994          2         10      76809
     1992          2         10      71880
     1994          1         10      77694
     1986          1         10      54926
     1973          1         10      51300
     1976          2         10      50700
     1985          1         10      54848
     1984          2         10      52525
     1984          1         10      53948
     1989          2         10      57982
     1987          1         10      55764
     1988          2         10      55554
     1974          2         10      50500
     1976          1         10      51400
     1971          1         10      51300
     1986          2         10      52598
     1977          2         10      50800
     1985          2         10      53038
     1987          2         10      53537
     1989          1         10      60078
     1993          1         11      57304
     1992          2         11      54686
     1988          2         11      51827
     1994          2         11      59113
     1992          1         11      55927
     1977          1         11      51800
     1981          1         11      51142
     1985          1          1      62893
     1993          2          1      65755
     1986          2          1      61354
     1976          1          1      64200
     1987          2          1      62170
     1998          1          1      66073
     1973          2          1      65200
     1992          1          1      68605
     1972          2          1      64800
     1995          2          1      64985
     1983          2          1      59128
     1987          1          1      65042
     1997          2          1      63800
     1986          1          1      64368
     1971          2          1      64900
     1976          2          1      59900
     1977          2          1      57500
     1980          1          1      58900
     1982          2          1      58358
     1974          2          1      64400
     1995          1          1      67391
     1997          1          1      66200
     1991          1          1      68587
     1972          1          1      68500
     1984          2          1      58818
     1975          2          1      62500
     1979          1          1      58100
     1988          2          1      63342
     1996          2          1      63991
     1991          2          1      65345
     1978          2          1      55500
     1989          2          1      64065
     1984          1          1      61897
     1977          1          1      61000
     1992          2          1      65856
     1978          1          1      58500
     1974          1          1      67400
     1994          2          1      65322
     1990          1          1      67437
     1983          1          1      62308
     1996          1          1      66450
     1989          1          1      67016
     1993          1          1      67724
     1985          2          1      59986
     1982          1          1      61563
     1994          1          1      67505
     1973          1          1      69000
     1979          2          1      55500
     1971          1          1      68500
     1988          1          1      66377
     1981          1          1      59825
     1980          2          1      56300
     1975          1          1      66500
     1981          2          1      56642
     1998          2          1      62511
     1990          2          1      64399
     1996          2          2      67350
     1980          2          2      64600
     1987          1          2      65402
     1982          2          2      59184
     1985          2          2      58176
     1975          2          2      68500
     1989          1          2      66125
     1992          1          2      65522
     1989          2          2      62397
     1984          1          2      60415
     1994          2          2      64664
     1993          1          2      66661
     1974          1          2      72200
     1981          1          2      65145
     1981          2          2      61779
     1975          1          2      72100
     1988          1          2      66712
     1993          2          2      62988
     1973          1          2      72100
     1976          1          2      72800
     1978          2          2      67500
     1972          2          2      67300
     1995          2          2      65862
     1996          1          2      70596
     1980          1          2      68200
     1984          2          2      57150
     1995          1          2      69203
     1974          2          2      68900
     1988          2          2      62815
     1994          1          2      68196
     1983          1          2      60394
     1997          2          2      68400
     1991          2          2      62248
     1979          2          2      66100
     1977          1          2      72300
     1986          1          2      63704
     1991          1          2      65749
     1998          2          2      68897
     1977          2          2      68500
     1971          1          2      69500
     1972          1          2      71100
     1997          1          2      70900
     1998          1          2      70973
     1985          1          2      61675
     1973          2          2      68400
     1971          2          2      65800
     1979          1          2      69800
     1990          2          2      62251
     1978          1          2      71300
     1982          1          2      62318
     1976          2          2      68700
     1986          2          2      59820
     1992          2          2      62299
     1990          1          2      65853
     1983          2          2      57317
     1987          2          2      61492
     1971          2          3      58000
     1983          1          3      72664
     1993          2          3      62813
     1998          1          3      68351
     1974          2          3      65400
     1989          2          3      59238
     1986          1          3      65755
     1978          2          3      71100
     1986          2          3      63345
     1984          1          3      70440
     1995          2          3      62632
     1972          2          3      60800
     1983          2          3      69046
     1974          1          3      69200
     1981          2          3      71008
     1998          2          3      64434
     1991          2          3      61252
     1985          1          3      68472
     1978          1          3      75100
     1973          1          3      66700
     1981          1          3      74714
     1979          2          3      71400
     1993          1          3      66214
     1994          1          3      65680
     1994          2          3      62681
     1990          1          3      63256
     1988          1          3      61981
     1971          1          3      62000
     1980          2          3      71700
     1972          1          3      64200
     1987          2          3      60918
     1992          1          3      65614
     1975          2          3      67700
     1977          2          3      70400
     1991          1          3      65210
     1976          2          3      69500
     1995          1          3      65724
     1997          2          3      63500
     1990          2          3      60021
     1996          2          3      62825
     1982          1          3      73995
     1989          1          3      62048
     1987          1          3      63317
     1985          2          3      65628
     1973          2          3      62900
     1997          1          3      66400
     1976          1          3      73800
     1977          1          3      74700
     1975          1          3      71800
     1992          2          3      62086
     1988          2          3      59514
     1982          2          3      70339
     1996          1          3      65815
     1979          1          3      75700
     1980          1          3      75000
     1984          2          3      67139
     1984          1          4      80700
     1974          2          4      56500
     1983          2          4      74589
     1976          2          4      59700
     1992          2          4      62809
     1982          2          4      74419
     1993          1          4      64019
     1990          1          4      72719
     1989          1          4      75074
     1990          2          4      67147
     1974          1          4      63000
     1991          2          4      65719
     1992          1          4      66977
     1981          1          4      81293
     1982          1          4      82694
     1983          1          4      83028
     1989          2          4      68682
     1977          1          4      68600
     1993          2          4      60090
     1984          2          4      73619
     1973          1          4      62500
     1991          1          4      70722
     1996          2          4      59040
     1978          1          4      71200
     1987          2          4      71621
     1972          2          4      54900
     1985          1          4      79642
     1995          2          4      58162
     1977          2          4      62200
     1988          2          4      70570
     1997          2          4      60200
     1997          1          4      63900
     1972          1          4      62200
     1980          2          4      71000
     1980          1          4      78300
     1975          1          4      64800
     1979          1          4      75400
     1995          1          4      61550
     1998          2          4      63693
     1987          1          4      78626
     1976          1          4      67000
     1986          1          4      78832
     1979          2          4      67700
     1996          1          4      62644
     1973          2          4      55600
     1975          2          4      58300
     1978          2          4      64700
     1994          2          4      58516
     1981          2          4      73288
     1988          1          4      77392
     1994          1          4      62352
     1985          2          4      72662
     1971          1          4      61600
     1971          2          4      54400
     1986          2          4      72273
     1998          1          4      67769
     1987          2          5      76866
     1992          2          5      74679
     1976          1          5      65100
     1976          2          5      60800
     1985          2          5      74729
     1996          1          5      72310
     1998          2          5      57527
     1979          1          5      67700
     1977          1          5      65100
     1972          1          5      69500
     1973          2          5      61000
     1984          1          5      81825
     1991          1          5      82317
     1996          2          5      66665
     1997          2          5      62500
     1982          1          5      74533
     1983          1          5      77714
     1997          1          5      67600
     1991          2          5      74676
     1986          1          5      85560
     1979          2          5      62500
     1990          2          5      74586
     1994          1          5      78481
     1986          2          5      76679
     1995          2          5      70156
     1978          1          5      66400
     1993          2          5      73439
     1989          2          5      75689
     1971          2          5      63300
     1988          2          5      76648
     1974          2          5      60800
     1973          1          5      68200
     1972          2          5      62000
     1988          1          5      85314
     1990          1          5      83145
     1994          2          5      71730
     1981          2          5      64894
     1993          1          5      81255
     1971          1          5      71700
     1981          1          5      71790
     1983          2          5      70410
     1975          2          5      60300
     1989          1          5      84486
     1982          2          5      67963
     1975          1          5      65600
     1998          1          5      62141
     1987          1          5      86036
     1974          1          5      67100
     1977          2          5      60800
     1985          1          5      84570
     1992          1          5      82265
     1995          1          5      76268
     1978          2          5      61500
     1980          1          5      69600
     1984          2          5      72296
     1980          2          5      63900
     1989          1          6      79395
     1986          2          6      70367
     1985          1          6      69386
     1987          1          6      75205
     1988          1          6      77241
     1974          2          6      67600
     1990          1          6      81397
     1989          2          6      74957
     1984          1          6      66209
     1988          2          6      74084
     1976          2          6      70500
     1977          2          6      67500
     1986          1          6      72623
     1975          2          6      69500
     1985          2          6      67279
     1987          2          6      72311
     1976          1          6      71900
     1990          2          6      76191
     1983          1          6      63523
     1984          2          6      64698
     1980          1          6      62600
     1977          1          6      67800
     1975          1          6      71400
     1997          2          6      83300
     1978          2          6      65900
     1972          1          6      66200
     1979          1          6      64600
     1992          2          6      77107
     1995          2          6      78999
     1993          1          6      81048
     1996          1          6      86358
     1981          1          6      61492
     1981          2          6      63050
     1982          2          6      63513
     1995          1          6      83947
     1996          2          6      81224
     1973          1          6      69600
     1974          1          6      70600
     1992          1          6      81941
     1980          2          6      63900
     1993          2          6      77147
     1991          2          6      77115
     1971          2          6      55800
     1978          1          6      65900
     1994          2          6      78339
     1971          1          6      60500
     1998          2          6      81387
     1973          2          6      65500
     1983          2          6      63890
     1972          2          6      61900
     1998          1          6      87495
     1997          1          6      88900
     1979          2          6      65300
     1994          1          6      82255
     1991          1          6      82363
     1982          1          6      62241
     1977          2          7      65400
     1974          2          7      53700
     1988          1          7      68726
     1995          1          7      80741
     1995          2          7      77849
     1990          1          7      71718
     1988          2          7      69795
     1994          1          7      78821
     1972          2          7      49600
     1984          1          7      66063
     1974          1          7      58500
     1994          2          7      75370
     1997          2          7      81800
     1971          2          7      48300
     1986          2          7      68413
     1985          1          7      66020
     1998          2          7      81952
     1978          1          7      71100
     1998          1          7      83639
     1979          2          7      71100
     1986          1          7      66696
     1997          1          7      83600
     1972          1          7      54600
     1976          1          7      63100
     1978          2          7      68700
     1979          1          7      72300
     1987          2          7      69031
     1985          2          7      66712
     1996          1          7      82286
     1980          1          7      73000
     1973          2          7      51600
     1996          2          7      79537
     1987          1          7      67682
     1980          2          7      72100
     1975          1          7      60300
     1982          2          7      69261
     1989          2          7      69166
     1992          1          7      75924
     1976          2          7      59800
     1973          1          7      56700
     1989          1          7      69862
     1981          2          7      72844
     1993          2          7      73390
     1983          1          7      67054
     1992          2          7      72566
     1977          1          7      68000
     1991          1          7      74795
     1990          2          7      70059
     1982          1          7      68912
     1991          2          7      71500
     1983          2          7      66965
     1971          1          7      53500
     1975          2          7      56100
     1993          1          7      76881
     1984          2          7      65930
     1981          1          7      72738
     1982          2          8      68274
     1997          1          8      77300
     1990          2          8      68678
     1975          1          8      55000
     1976          1          8      55200
     1991          1          8      68336
     1987          2          8      73043
     1984          2          8      73477
     1989          1          8      68925
     1994          1          8      70545
     1993          2          8      68906
     1996          1          8      75228
     1983          1          8      72474
     1997          2          8      74400
     1975          2          8      50700
     1990          1          8      67999
     1981          2          8      62234
     1971          2          8      46600
     1998          2          8      75816
     1983          2          8      71696
     1986          2          8      76180
     1986          1          8      76085
     1971          1          8      50700
     1972          2          8      47200
     1978          1          8      56900
     1998          1          8      78958
     1994          2          8      69930
     1991          2          8      68929
     1982          1          8      69538
     1979          2          8      56200
     1979          1          8      59300
     1985          1          8      75368
     1977          1          8      55400
     1973          1          8      53500
     1988          1          8      69990
     1987          1          8      72239
     1980          2          8      58700
     1974          1          8      54800
     1996          2          8      72417
     1995          1          8      72510
     1976          2          8      50900
     1974          2          8      49600
     1981          1          8      64144
     1989          2          8      69537
     1995          2          8      70806
     1977          2          8      51500
     1988          2          8      71379
     1992          1          8      68676
     1993          1          8      69462
     1985          2          8      75140
     1984          1          8      74170
     1980          1          8      61600
     1973          2          8      48700
     1972          1          8      52000
     1992          2          8      68685
     1978          2          8      53600
     1981          2          9      51994
     1983          1          9      57040
     1984          2          9      57263
     1983          2          9      54759
     1980          1          9      54700
     1981          1          9      54562
     1971          1          9      50700
     1975          2          9      47800
     1977          1          9      52300
     1978          2          9      49800
     1982          1          9      55392
     1979          2          9      50900
     1977          2          9      48200
     1982          2          9      52975
     1978          1          9      53000
     1985          2          9      59777
     1984          1          9      59193
     1980          2          9      51700
     1979          1          9      54400
     1985          1          9      61643
     1988          1          9      74295
     1995          1          9      68100
     1995          2          9      69147
     1974          2          9      48100
     1987          1          9      71000
     1973          1          9      51300
     1972          2          9      48500
     1994          2          9      70067
     1988          2          9      73266
     1993          1          9      70917
     1987          2          9      69265
     1992          1          9      73832
     1994          1          9      69442
     1992          2          9      73329
     1974          1          9      51300
     1991          1          9      78293
     1975          1          9      51100
     1991          2          9      78023
     1997          1         11      72500
     1978          2         11      52200
     1988          1         11      53277
     1986          2         11      50204
     1984          1         11      50877
     1982          2         11      51501
     1973          1         11      52600
     1993          2         11      56618
     1986          1         11      51390
     1996          2         11      65268
     1974          2         11      56300
     1985          2         11      50400
     1972          1         11      49300
     1995          1         11      62501
     1980          2         11      51500
     1987          2         11      50705
     1973          2         11      54100
     1976          1         11      52500
     1995          2         11      61901
     1981          2         11      51644
     1980          1         11      51100
     1996          1         11      66254
     1994          1         11      59669
     1987          1         11      52024
     1979          2         11      52000
     1971          1         11      47000
     1972          2         11      50600
     1997          2         11      72400
     1979          1         11      51400
     1983          2         11      51167
     1982          1         11      51241
     1971          2         11      47900
     1989          2         11      52982
     1975          1         11      53400
     1991          2         11      53776
     1990          2         11      53744
     1998          2         11      76258
     1975          2         11      54700
     1978          1         11      51500
     1989          1         11      54428
     1984          2         11      50813
     1991          1         11      55210
     1974          1         11      54700
     1998          1         11      76517
     1977          2         11      52400
     1985          1         11      51036
     1983          1         11      51018
     1976          2         11      53300
     1990          1         11      55196
     1990          1         12      51210
     1994          1         12      53885
     1989          2         12      52123
     1994          2         12      53758
     1996          1         12      54824
     1983          2         12      52194
     1978          1         12      51500
     1987          1         12      50824
     1980          1         12      52400
     1980          2         12      55600
     1974          2         12      45900
     1998          2         12      57619
     1985          2         12      52313
     1983          1         12      49912
     1972          1         12      46300
     1995          1         12      54581
     1995          2         12      54282
     1989          1         12      51061
     1985          1         12      50187
     1973          2         12      47900
     1979          1         12      54000
     1990          2         12      51705
     1986          1         12      50533
     1975          1         12      44700
     1987          2         12      52592
     1977          2         12      53300
     1992          2         12      52064
     1977          1         12      49100
     1981          1         12      51322
     1996          2         12      54369
     1972          2         12      49500
     1984          2         12      52106
     1971          1         12      47100
     1992          1         12      52161
     1998          1         12      57454
     1988          2         12      52522
     1973          1         12      44300
     1988          1         12      51024
     1997          1         12      55500
     1976          1         12      46600
     1982          2         12      52836
     1975          2         12      48200
     1986          2         12      52512
     1976          2         12      51300
     1971          2         12      50100
     1991          1         12      51543
     1974          1         12      42800
     1984          1         12      49909
     1981          2         12      53871
     1979          2         12      58100
     1993          1         12      53171
     1982          1         12      50460
     1993          2         12      52709
     1978          2         12      56000
     1991          2         12      51742
     1997          2         12      55400
     1998          2         13      53685
     1979          2         13      47800
     1997          1         13      52000
     1996          2         13      52536
     1978          1         13      44500
     1996          1         13      50941
     1971          2         13      51500
     1986          1         13      50436
     1978          2         13      49500
     1986          2         13      55775
     1998          1         13      53077
     1979          1         13      43100
     1997          2         13      52900
     1976          1         13      48100
     1985          1         13      51178
     1982          1         13      48384
     1985          2         13      56725
     1976          2         13      52500
     1972          2         13      51600
     1988          1         13      50202
     1982          2         13      53929
     1991          1         13      51106
     1975          2         13      52900
     1984          2         13      58518
     1988          2         13      54975
     1991          2         13      54704
     1992          2         13      54293
     1974          1         13      47600
     1990          1         13      50646
     1983          2         13      56100
     1975          1         13      48200
     1971          1         13      45600
     1990          2         13      54651
     1989          2         13      54781
     1989          1         13      50378
     1983          1         13      50590
     1973          1         13      47300
     1994          2         13      53017
     1995          1         13      50899
     1980          2         13      49600
     1972          1         13      46300
     1995          2         13      52640
     1987          2         13      55147
     1973          2         13      51700
     1994          1         13      50691
     1974          2         13      52700
     1980          1         13      44500
     1981          1         13      46286
     1987          1         13      50002
     1993          1         13      50945
     1977          2         13      51900
     1981          2         13      52097
     1977          1         13      46800
     1984          1         13      52773
     1992          1         13      51281
     1993          2         13      53742
     1975          1         14      44200
     1977          2         14      51700
     1976          2         14      51300
     1976          1         14      44500
     1972          1         14      41500
     1978          2         14      52100
     1971          1         14      40300
     1977          1         14      45200
     1971          2         14      46800
     1972          2         14      47700
     1983          1         14      42323
     1973          2         14      49100
     1991          1         14      49486
     1975          2         14      51100
     1982          2         14      51898
     1994          1         14      48264
     1982          1         14      44799
     1986          2         14      51249
     1994          2         14      53475
     1983          2         14      49142
     1993          1         14      48146
     1974          1         14      43600
     1995          2         14      53442
     1990          1         14      50472
     1993          2         14      53825
     1984          2         14      46940
     1992          1         14      48520
     1984          1         14      40682
     1991          2         14      55696
     1992          2         14      54614
     1973          1         14      42300
     1985          2         14      48915
     1985          1         14      42752
     1989          2         14      59055
     1989          1         14      52207
     1978          1         14      45900
     1979          2         14      53100
     1979          1         14      46000
     1987          1         14      47409
     1997          1         14      49400
     1980          2         14      53700
     1974          2         14      50000
     1981          1         14      46189
     1998          1         14      49222
     1980          1         14      46600
     1997          2         14      53600
     1996          1         14      48807
     1981          2         14      53238
     1988          2         14      56696
     1987          2         14      53733
     1996          2         14      53891
     1988          1         14      50065
     1995          1         14      48514
     1990          2         14      56981
     1986          1         14      45013
     1998          2         14      53252
     1988          1         15      36836
     1990          1         15      37622
     1974          1         15      32000
     1975          1         15      33400
     1990          2         15      46347
     1989          1         15      35386
     1989          2         15      44108
     1994          1         15      45896
     1973          1         15      30200
     1998          2         15      50523
     1998          1         15      42731
     1971          2         15      38000
     1997          1         15      42600
     1997          2         15      51300
     1996          1         15      43315
     1996          2         15      52210
     1995          1         15      44432
     1971          1         15      27400
     1972          1         15      29000
     1991          2         15      48546
     1973          2         15      40600
     1994          2         15      55781
     1993          1         15      44263
     1972          2         15      38800
     1988          2         15      46122
     1993          2         15      53702
     1992          1         15      41928
     1992          2         15      50813
     1991          1         15      39797
     1995          2         15      53814
     1983          1         15      39101
     1980          2         15      47600
     1983          2         15      49058
     1980          1         15      38100
     1985          2         15      49671
     1981          2         15      48388
     1984          1         15      39458
     1976          1         15      34300
     1977          1         15      35300
     1985          1         15      39574
     1977          2         15      44900
     1981          1         15      38314
     1976          2         15      43900
     1975          2         15      42900
     1982          2         15      48738
     1982          1         15      38709
     1984          2         15      49473
     1978          2         15      45900
     1974          2         15      41500
     1979          2         15      46400
     1987          2         15      48302
     1987          1         15      38537
     1986          1         15      39394
     1986          2         15      49384
     1979          1         15      37200
     1978          1         15      36100
     1994          1         16      27221
     1995          1         16      29464
     1978          2         16      33900
     1972          1         16      16500
     1975          2         16      30700
     1998          2         16      47149
     1995          2         16      40553
     1973          1         16      17000
     1998          1         16      35345
     1981          1         16      24895
     1996          1         16      31486
     1978          1         16      21800
     1981          2         16      36528
     1997          1         16      33100
     1996          2         16      42417
     1979          2         16      34600
     1980          1         16      24000
     1982          2         16      37609
     1980          2         16      36000
     1971          2         16      27300
     1997          2         16      44500
     1979          1         16      22700
     1977          1         16      20300
     1989          1         16      29826
     1991          2         16      43045
     1990          1         16      30233
     1976          1         16      19500
     1985          1         16      27895
     1974          2         16      29800
     1975          1         16      18500
     1973          2         16      28700
     1974          1         16      17300
     1985          2         16      40622
     1986          1         16      28368
     1986          2         16      41256
     1987          2         16      41754
     1988          1         16      29339
     1987          1         16      28871
     1976          2         16      31800
     1988          2         16      42271
     1990          2         16      43195
     1972          2         16      28400
     1994          2         16      38156
     1982          1         16      25524
     1989          2         16      42768
     1993          1         16      28227
     1983          2         16      38696
     1993          2         16      39752
     1977          2         16      32600
     1991          1         16      30279
     1971          1         16      16500
     1983          1         16      26438
     1992          1         16      29747
     1984          2         16      39813
     1992          2         16      42084
     1984          1         16      27205
     1975          2         17      19700
     1974          2         17      18800
     1971          1         17       9400
     1973          1         17       9100
     1973          2         17      18800
     1974          1         17       9300
     1992          1         17      18575
     1981          1         17      11672
     1986          1         17      15399
     1982          2         17      23757
     1990          2         17      31369
     1982          1         17      12397
     1994          2         17      32878
     1983          2         17      24837
     1983          1         17      13335
     1984          2         17      25884
     1993          1         17      19178
     1984          1         17      14143
     1985          2         17      26866
     1981          2         17      22706
     1985          1         17      14759
     1994          1         17      19468
     1986          2         17      27810
     1971          2         17      18300
     1992          2         17      32167
     1987          2         17      28766
     1987          1         17      16063
     1991          1         17      18109
     1988          2         17      29854
     1988          1         17      16755
     1991          2         17      31943
     1989          2         17      30688
     1990          1         17      17776
     1989          1         17      17318
     1993          2         17      32672
     1997          2         17      32500
     1998          2         17      31016
     1972          1         17       9300
     1998          1         17      18673
     1972          2         17      18400
     1975          1         17      10100
     1976          2         17      20400
     1997          1         17      19700
     1976          1         17      10300
     1977          2         17      20700
     1995          2         17      33240
     1977          1         17      10200
     1978          2         17      20800
     1996          1         17      19814
     1979          2         17      21600
     1980          1         17      11200
     1995          1         17      19746
     1996          2         17      33079
     1979          1         17      10600
     1978          1         17      10600
     1980          2         17      22000
     1995          1         18      12031
     1990          2         18      24705
     1995          2         18      30341
     1994          1         18      11382
     1990          1         18       9062
     1998          1         18      13575
     1991          2         18      25776
     1973          1         18       5000
     1992          1         18      10156
     1991          1         18       9569
     1992          2         18      27113
     1997          2         18      31700
     1994          2         18      29353
     1993          1         18      10900
     1996          2         18      31007
     1996          1         18      12427
     1993          2         18      28375
     1973          2         18      13500
     1997          1         18      13000
     1977          2         18      14600
     1975          2         18      13600
     1980          1         18       5400
     1980          2         18      16000
     1979          1         18       5000
     1979          2         18      15500
     1978          1         18       5100
     1986          1         18       7146
     1977          1         18       5000
     1982          2         18      16940
     1976          1         18       5000
     1976          2         18      14200
     1975          1         18       5200
     1972          2         18      13200
     1972          1         18       5100
     1971          1         18       5300
     1971          2         18      13000
     1978          2         18      14900
     1985          2         18      19240
     1974          1         18       5000
     1989          2         18      23636
     1988          1         18       8095
     1988          2         18      22370
     1987          1         18       7628
     1987          2         18      21288
     1984          1         18       6338
     1981          2         18      16584
     1985          1         18       6703
     1981          1         18       5719
     1974          2         18      13600
     1998          2         18      32542
     1984          2         18      18355
     1983          1         18       6085
     1983          2         18      17625
     1982          1         18       5827
     1989          1         18       8615
     1986          2         18      20201
     1999          1          1      64700
     1999          1          2      69500
     1999          1          3      68900
     1999          1          4      65200
     1999          1          5      59500
     1999          1          6      75000
     1999          1          7      80600
     1999          1          8      78800
     1999          1          9      70900
     1999          1         10      69800
     1999          1         11      77800
     1999          1         12      60600
     1999          1         13      55100
     1999          1         14      49900
     1999          1         15      43700
     1999          1         16      36300
     1999          1         17      18500
     1999          1         18      13700
     1999          2          1      62100
     1999          2          2      66400
     1999          2          3      66000
     1999          2          4      62900
     1999          2          5      56700
     1999          2          6      72900
     1999          2          7      80300
     1999          2          8      78200
     1999          2          9      71600
     1999          2         10      71600
     1999          2         11      78200
     1999          2         12      61100
     1999          2         13      56000
     1999          2         14      53300
     1999          2         15      50600
     1999          2         16      48800
     1999          2         17      30400
     1999          2         18      32300
     2000          1          1      63800
     2000          1          2      69100
     2000          1          3      69800
     2000          1          4      65500
     2000          1          5      61000
     2000          1          6      71600
     2000          1          7      80100
     2000          1          8      80800
     2000          1          9      72800
     2000          1         10      69000
     2000          1         11      78400
     2000          1         12      63900
     2000          1         13      56200
     2000          1         14      50500
     2000          1         15      44400
     2000          1         16      35700
     2000          1         17      20200
     2000          1         18      14200
     2000          2          1      61400
     2000          2          2      65900
     2000          2          3      66600
     2000          2          4      62500
     2000          2          5      57700
     2000          2          6      70300
     2000          2          7      79800
     2000          2          8      80600
     2000          2          9      73000
     2000          2         10      71200
     2000          2         11      79600
     2000          2         12      64400
     2000          2         13      57000
     2000          2         14      53500
     2000          2         15      50800
     2000          2         16      47400
     2000          2         17      32100
     2000          2         18      33200
     2001          1          1      62300
     2001          1          2      67900
     2001          1          3      70400
     2001          1          4      66000
     2001          1          5      63000
     2001          1          6      67300
     2001          1          7      78400
     2001          1          8      81500
     2001          1          9      75100
     2001          1         10      68900
     2001          1         11      77800
     2001          1         12      67600
     2001          1         13      56600
     2001          1         14      51000
     2001          1         15      45000
     2001          1         16      35300
     2001          1         17      22000
     2001          1         18      14500
     2001          2          1      59600
     2001          2          2      64800
     2001          2          3      67300
     2001          2          4      62700
     2001          2          5      59400
     2001          2          6      66100
     2001          2          7      78100
     2001          2          8      81700
     2001          2          9      74400
     2001          2         10      71200
     2001          2         11      79500
     2001          2         12      68500
     2001          2         13      57300
     2001          2         14      53800
     2001          2         15      51200
     2001          2         16      46200
     2001          2         17      34200
     2001          2         18      34100
     2002          1          1      61000
     2002          1          2      68000
     2002          1          3      70900
     2002          1          4      67400
     2002          1          5      63800
     2002          1          6      64300
     2002          1          7      77600
     2002          1          8      82100
     2002          1          9      77000
     2002          1         10      69200
     2002          1         11      74100
     2002          1         12      73500
     2002          1         13      57200
     2002          1         14      52000
     2002          1         15      45400
     2002          1         16      35400
     2002          1         17      23400
     2002          1         18      14600
     2002          2          1      58400
     2002          2          2      64500
     2002          2          3      67900
     2002          2          4      63800
     2002          2          5      59800
     2002          2          6      62700
     2002          2          7      77300
     2002          2          8      82700
     2002          2          9      76300
     2002          2         10      71500
     2002          2         11      75600
     2002          2         12      75300
     2002          2         13      58200
     2002          2         14      54200
     2002          2         15      51400
     2002          2         16      45400
     2002          2         17      36000
     2002          2         18      34300
     2003          1          1      61000
     2003          1          2      67600
     2003          1          3      71100
     2003          1          4      69900
     2003          1          5      65700
     2003          1          6      63900
     2003          1          7      77200
     2003          1          8      83200
     2003          1          9      78700
     2003          1         10      70700
     2003          1         11      71600
     2003          1         12      77100
     2003          1         13      58900
     2003          1         14      53600
     2003          1         15      45800
     2003          1         16      35800
     2003          1         17      24900
     2003          1         18      14400
     2003          2          1      58100
     2003          2          2      64600
     2003          2          3      67800
     2003          2          4      65900
     2003          2          5      62100
     2003          2          6      61500
     2003          2          7      76900
     2003          2          8      83400
     2003          2          9      78300
     2003          2         10      72400
     2003          2         11      73600
     2003          2         12      79000
     2003          2         13      60300
     2003          2         14      55200
     2003          2         15      51300
     2003          2         16      45200
     2003          2         17      38000
     2003          2         18      33600
